Simulation Results from reaction file: /Users/blink/Documents/Teaching/ Coursework_2025-2026/Chem_3530_2026/Kinetiscope/MM1.rxn
The simulation was run on Saturday, 7 February 2026 15:22:14 AST
This table was created on Saturday, 7 February 2026 15:22:32 AST
--------------------------------------

           Data           Time              E             ES              P              S              
          Point            sec     mole/liter     mole/liter     mole/liter     mole/liter              
              
              1              0    1.00001e-06              0              0            0.1              
              2     0.12266392    1.00001e-06              0   9.500095e-05    0.099904999              
              3     0.24629308    1.00001e-06              0  0.00020100201    0.099798998              
              4     0.36908687    1.00001e-06              0  0.00032500325    0.099674997              
              5     0.49109186    1.00001e-06              0  0.00044700447    0.099552996              
              6      0.6130978    1.00001e-06              0  0.00057100571    0.099428994              
              7     0.73587025    1.00001e-06              0  0.00068300683    0.099316993              
              8     0.85776143    1.00001e-06              0  0.00078900789    0.099210992              
              9     0.98014427    1.00001e-06              0  0.00089200892    0.099107991              
             10      1.1031393    1.00001e-06              0  0.00098700987     0.09901299              
             11      1.2255416    1.00001e-06              0   0.0010760108    0.098923989              
             12       1.349229    1.00001e-06              0   0.0011940119    0.098805988              
             13      1.4714389    1.00001e-06              0   0.0013120131    0.098687987              
             14      1.5944294    1.00001e-06              0    0.001402014    0.098597986              
             15      1.7165743    1.00001e-06              0    0.001503015    0.098496985              
             16      1.8382048    1.00001e-06              0   0.0016140161    0.098385984              
             17      1.9630498    1.00001e-06              0   0.0017170172    0.098282983              
             18      2.0846136    1.00001e-06              0   0.0018120181    0.098187982              
             19       2.209125    1.00001e-06              0   0.0019090191    0.098090981              
             20      2.3316478    1.00001e-06              0   0.0020140201     0.09798598              
             21      2.4553983    1.00001e-06              0   0.0021190212    0.097880979              
             22       2.576361    1.00001e-06              0   0.0022310223    0.097768978              
             23      2.7011238    1.00001e-06              0   0.0023350234    0.097664977              
             24      2.8250021    1.00001e-06              0   0.0024510245    0.097548975              
             25       2.948637    1.00001e-06              0   0.0025570256    0.097442974              
             26      3.0740884    1.00001e-06              0   0.0026820268    0.097317973              
             27      3.1975761    1.00001e-06              0   0.0027870279    0.097212972              
             28      3.3207874    1.00001e-06              0    0.002895029    0.097104971              
             29      3.4436308    1.00001e-06              0     0.00299803     0.09700197              
             30      3.5667832    1.00001e-06              0   0.0030940309    0.096905969              
             31      3.6890148    1.00001e-06              0   0.0032210322    0.096778968              
             32      3.8104577    1.00001e-06              0   0.0033370334    0.096662967              
             33      3.9323766    1.00001e-06              0   0.0034420344    0.096557966              
             34      4.0562534    1.00001e-06              0   0.0035720357    0.096427964              
             35      4.1795428    1.00001e-06              0    0.003696037    0.096303963              
             36       4.302703    1.00001e-06              0   0.0038200382    0.096179962              
             37      4.4250176    1.00001e-06              0   0.0039240392    0.096075961              
             38      4.5483171    1.00001e-06              0   0.0040400404     0.09595996              
             39      4.6707408    1.00001e-06              0   0.0041490415    0.095850958              
             40      4.7930723    1.00001e-06              0   0.0042620426    0.095737957              
             41      4.9159853    1.00001e-06              0   0.0043750437    0.095624956              
             42      5.0405776    1.00001e-06              0   0.0044860449    0.095513955              
             43      5.1635799    1.00001e-06              0   0.0046050461    0.095394954              
             44      5.2868836    1.00001e-06              0   0.0047330473    0.095266953              
             45      5.4069497    1.00001e-06              0   0.0048440484    0.095155952              
             46       5.530529    1.00001e-06              0   0.0049570496     0.09504295              
             47      5.6513188    1.00001e-06              0   0.0050650506    0.094934949              
             48      5.7742089    1.00001e-06              0   0.0051840518    0.094815948              
             49      5.8984704    1.00001e-06              0   0.0052930529    0.094706947              
             50      6.0227708    1.00001e-06              0   0.0054150542    0.094584946              
             51      6.1471303    1.00001e-06              0   0.0055280553    0.094471945              
             52      6.2709045    1.00001e-06              0   0.0056550565    0.094344943              
             53      6.3949542    1.00001e-06              0   0.0057700577    0.094229942              
             54      6.5166729    1.00001e-06              0   0.0058880589    0.094111941              
             55      6.6407614    1.00001e-06              0   0.0060120601     0.09398794              
             56      6.7635975    1.00001e-06              0   0.0061370614    0.093862939              
             57      6.8875816    1.00001e-06              0   0.0062550626    0.093744937              
             58      7.0123944    1.00001e-06              0   0.0063720637    0.093627936              
             59      7.1359718    1.00001e-06              0   0.0064740647    0.093525935              
             60      7.2604528    1.00001e-06              0    0.006598066    0.093401934              
             61      7.3827341    1.00001e-06              0   0.0067140671    0.093285933              
             62      7.5061304    1.00001e-06              0   0.0068240682    0.093175932              
             63      7.6283462    1.00001e-06              0   0.0069360694    0.093063931              
             64      7.7532904    1.00001e-06              0   0.0070400704     0.09295993              
             65       7.878777    1.00001e-06              0   0.0071610716    0.092838928              
             66      8.0035103    1.00001e-06              0   0.0072690727    0.092730927              
             67       8.128557    1.00001e-06              0   0.0073770738    0.092622926              
             68      8.2519657    1.00001e-06              0    0.007499075    0.092500925              
             69      8.3736915    1.00001e-06              0   0.0076160762    0.092383924              
             70      8.4984303    1.00001e-06              0   0.0077270773    0.092272923              
             71      8.6215305    1.00001e-06              0   0.0078320783    0.092167922              
             72       8.744114    1.00001e-06              0   0.0079440794    0.092055921              
             73      8.8671437    1.00001e-06              0   0.0080720807    0.091927919              
             74      8.9910681    1.00001e-06              0   0.0081820818    0.091817918              
             75      9.1142397    1.00001e-06              0   0.0082920829    0.091707917              
             76      9.2356611    1.00001e-06              0    0.008398084    0.091601916              
             77      9.3578758    1.00001e-06              0   0.0085090851    0.091490915              
             78      9.4822211    1.00001e-06              0   0.0086190862    0.091380914              
             79      9.6043661    1.00001e-06              0   0.0087280873    0.091271913              
             80      9.7276903    1.00001e-06              0   0.0088440884    0.091155912              
             81      9.8514606    1.00001e-06              0   0.0089710897     0.09102891              
             82      9.9748357    1.00001e-06              0   0.0090750908    0.090924909              
             83      10.094843    1.00001e-06              0    0.009196092    0.090803908              
             84      10.218466    1.00001e-06              0    0.009305093    0.090694907              
             85      10.343788    1.00001e-06              0   0.0094410944    0.090558906              
             86      10.467734    1.00001e-06              0   0.0095390954    0.090460905              
             87      10.592342    1.00001e-06              0   0.0096460965    0.090353904              
             88      10.716323    1.00001e-06              0   0.0097320973    0.090267903              
             89      10.841519    1.00001e-06              0   0.0098440984    0.090155902              
             90      10.965571    1.00001e-06              0   0.0099630996      0.0900369              
             91      11.088073    1.00001e-06              0    0.010078101    0.089921899              
             92      11.211094    1.00001e-06              0    0.010186102    0.089813898              
             93      11.334602    1.00001e-06              0    0.010308103    0.089691897              
             94       11.46038    1.00001e-06              0    0.010421104    0.089578896              
             95      11.585629    1.00001e-06              0    0.010528105    0.089471895              
             96      11.708378    1.00001e-06              0    0.010643106    0.089356894              
             97      11.833725    1.00001e-06              0    0.010740107    0.089259893              
             98      11.957895    1.00001e-06              0    0.010829108    0.089170892              
             99      12.082766    1.00001e-06              0    0.010935109    0.089064891              
            100      12.207838    1.00001e-06              0    0.011051111    0.088948889              
            101      12.332324    1.00001e-06              0    0.011147111    0.088852889              
            102        12.4564    1.00001e-06              0    0.011246112    0.088753888              
            103      12.581815    1.00001e-06              0    0.011345113    0.088654887              
            104      12.706184    1.00001e-06              0    0.011450115    0.088549885              
            105      12.830119    1.00001e-06              0    0.011556116    0.088443884              
            106       12.95363    1.00001e-06              0    0.011678117    0.088321883              
            107      13.077165    1.00001e-06              0    0.011778118    0.088221882              
            108      13.199739    1.00001e-06              0    0.011904119    0.088095881              
            109      13.322977    1.00001e-06              0     0.01201112     0.08798888              
            110      13.448042    1.00001e-06              0    0.012140121    0.087859879              
            111      13.570797    1.00001e-06              0    0.012244122    0.087755878              
            112      13.693801    1.00001e-06              0    0.012343123    0.087656877              
            113      13.817772    1.00001e-06              0    0.012451125    0.087548875              
            114       13.94328    1.00001e-06              0    0.012569126    0.087430874              
            115      14.067291    1.00001e-06              0    0.012666127    0.087333873              
            116      14.193408    1.00001e-06              0    0.012779128    0.087220872              
            117      14.318777    1.00001e-06              0    0.012878129    0.087121871              
            118      14.444173    1.00001e-06              0     0.01297913     0.08702087              
            119      14.569177    1.00001e-06              0    0.013068131    0.086931869              
            120      14.694219    1.00001e-06              0    0.013174132    0.086825868              
            121      14.820086    1.00001e-06              0    0.013261133    0.086738867              
            122      14.946289    1.00001e-06              0    0.013386134    0.086613866              
            123      15.071652    1.00001e-06              0    0.013498135    0.086501865              
            124       15.19566    1.00001e-06              0    0.013599136    0.086400864              
            125       15.31911    1.00001e-06              0    0.013715137    0.086284863              
            126      15.444677    1.00001e-06              0    0.013825138    0.086174862              
            127      15.569454    1.00001e-06              0    0.013924139    0.086075861              
            128      15.693937    1.00001e-06              0     0.01403414     0.08596586              
            129      15.818923    1.00001e-06              0    0.014139141    0.085860859              
            130      15.941516    1.00001e-06              0    0.014253143    0.085746857              
            131      16.065307    1.00001e-06              0    0.014359144    0.085640856              
            132      16.189002    1.00001e-06              0    0.014465145    0.085534855              
            133      16.312745    1.00001e-06              0    0.014568146    0.085431854              
            134      16.436487    1.00001e-06              0    0.014654147    0.085345853              
            135      16.561002    1.00001e-06              0    0.014785148    0.085214852              
            136      16.685792    1.00001e-06              0    0.014885149    0.085114851              
            137      16.810473    1.00001e-06              0     0.01499515     0.08500485              
            138      16.937522    1.00001e-06              0    0.015102151    0.084897849              
            139      17.062769    1.00001e-06              0    0.015215152    0.084784848              
            140      17.187767    1.00001e-06              0    0.015337153    0.084662847              
            141      17.312168    1.00001e-06              0    0.015454155    0.084545845              
            142      17.435965    1.00001e-06              0    0.015567156    0.084432844              
            143      17.560818    1.00001e-06              0    0.015683157    0.084316843              
            144      17.685624    1.00001e-06              0    0.015800158    0.084199842              
            145      17.809205    1.00001e-06              0    0.015909159    0.084090841              
            146      17.935015    1.00001e-06              0     0.01602516     0.08397484              
            147      18.059673    1.00001e-06              0    0.016137161    0.083862839              
            148      18.183794    1.00001e-06              0    0.016232162    0.083767838              
            149      18.308965    1.00001e-06              0    0.016341163    0.083658837              
            150      18.434807    1.00001e-06              0    0.016457165    0.083542835              
            151      18.558247    1.00001e-06              0    0.016575166    0.083424834              
            152      18.683174    1.00001e-06              0    0.016706167    0.083293833              
            153      18.807764    1.00001e-06              0    0.016823168    0.083176832              
            154      18.932989    1.00001e-06              0    0.016942169    0.083057831              
            155       19.05768    1.00001e-06              0    0.017052171    0.082947829              
            156      19.183039    1.00001e-06              0    0.017174172    0.082825828              
            157      19.308152    1.00001e-06              0    0.017290173    0.082709827              
            158      19.432502    1.00001e-06              0    0.017417174    0.082582826              
            159      19.557681    1.00001e-06              0    0.017539175    0.082460825              
            160      19.682676    1.00001e-06              0    0.017657177    0.082342823              
            161      19.806351    1.00001e-06              0    0.017768178    0.082231822              
            162      19.932627    1.00001e-06              0    0.017874179    0.082125821              
            163      20.057311    1.00001e-06              0     0.01799018     0.08200982              
            164      20.182548    1.00001e-06              0    0.018099181    0.081900819              
            165      20.307972    1.00001e-06              0    0.018213182    0.081786818              
            166      20.432353    1.00001e-06              0    0.018336183    0.081663817              
            167      20.556236    1.00001e-06              0    0.018435184    0.081564816              
            168      20.683008    1.00001e-06              0    0.018557186    0.081442814              
            169      20.807691    1.00001e-06              0    0.018653187    0.081346813              
            170      20.932568    1.00001e-06              0    0.018769188    0.081230812              
            171      21.057921    1.00001e-06              0    0.018880189    0.081119811              
            172      21.183303    1.00001e-06              0     0.01900019     0.08099981              
            173      21.306813    1.00001e-06              0    0.019112191    0.080887809              
            174      21.434137    1.00001e-06              0    0.019235192    0.080764808              
            175      21.558916    1.00001e-06              0    0.019350194    0.080649806              
            176      21.684812    1.00001e-06              0    0.019466195    0.080533805              
            177      21.809748    1.00001e-06              0    0.019590196    0.080409804              
            178      21.936312    1.00001e-06              0    0.019693197    0.080306803              
            179      22.062139    1.00001e-06              0    0.019797198    0.080202802              
            180      22.187461    1.00001e-06              0    0.019895199    0.080104801              
            181      22.310365    1.00001e-06              0      0.0200052      0.0799948              
            182      22.433561    1.00001e-06              0    0.020117201    0.079882799              
            183      22.560375    1.00001e-06              0    0.020234202    0.079765798              
            184      22.686587    1.00001e-06              0    0.020337203    0.079662797              
            185      22.812977    1.00001e-06              0    0.020444204    0.079555796              
            186      22.939653    1.00001e-06              0    0.020552206    0.079447794              
            187      23.065538    1.00001e-06              0    0.020679207    0.079320793              
            188      23.191517    1.00001e-06              0    0.020777208    0.079222792              
            189       23.31655    1.00001e-06              0    0.020886209    0.079113791              
            190      23.442009    1.00001e-06              0     0.02098921     0.07901079              
            191       23.56763    1.00001e-06              0    0.021099211    0.078900789              
            192      23.693081    1.00001e-06              0    0.021228212    0.078771788              
            193      23.818559    1.00001e-06              0    0.021335213    0.078664787              
            194      23.947658    1.00001e-06              0    0.021443214    0.078556786              
            195      24.074547    1.00001e-06              0    0.021565216    0.078434784              
            196      24.200713    1.00001e-06              0    0.021691217    0.078308783              
            197      24.326609    1.00001e-06              0    0.021789218    0.078210782              
            198      24.453633    1.00001e-06              0    0.021903219    0.078096781              
            199      24.579527    1.00001e-06              0     0.02201522     0.07798478              
            200      24.704833    1.00001e-06              0    0.022130221    0.077869779              
            201      24.831517    1.00001e-06              0    0.022233222    0.077766778              
            202      24.954349    1.00001e-06              0    0.022342223    0.077657777              
            203      25.079671    1.00001e-06              0    0.022446224    0.077553776              
            204      25.206539    1.00001e-06              0    0.022557226    0.077442774              
            205      25.333757    1.00001e-06              0    0.022671227    0.077328773              
            206      25.460241    1.00001e-06              0    0.022776228    0.077223772              
            207      25.585724    1.00001e-06              0    0.022894229    0.077105771              
            208      25.712867    1.00001e-06              0     0.02301323     0.07698677              
            209      25.839967    1.00001e-06              0    0.023121231    0.076878769              
            210      25.966794    1.00001e-06              0    0.023233232    0.076766768              
            211      26.094719    1.00001e-06              0    0.023352234    0.076647766              
            212       26.22071    1.00001e-06              0    0.023459235    0.076540765              
            213      26.345056    1.00001e-06              0    0.023565236    0.076434764              
            214      26.472607    1.00001e-06              0    0.023673237    0.076326763              
            215       26.59988    1.00001e-06              0    0.023792238    0.076207762              
            216       26.72508    1.00001e-06              0    0.023903239    0.076096761              
            217      26.851083    1.00001e-06              0     0.02401224     0.07598776              
            218      26.977649    1.00001e-06              0    0.024136241    0.075863759              
            219      27.103541    1.00001e-06              0    0.024248242    0.075751758              
            220      27.229526    1.00001e-06              0    0.024366244    0.075633756              
            221       27.35743    1.00001e-06              0    0.024490245    0.075509755              
            222      27.487901    1.00001e-06              0    0.024613246    0.075386754              
            223      27.611649    1.00001e-06              0    0.024739247    0.075260753              
            224      27.738056    1.00001e-06              0    0.024832248    0.075167752              
            225      27.863976    1.00001e-06              0    0.024940249    0.075059751              
            226      27.993509    1.00001e-06              0     0.02504725     0.07495275              
            227      28.119708    1.00001e-06              0    0.025153252    0.074846748              
            228      28.246406    1.00001e-06              0    0.025258253    0.074741747              
            229      28.371465    1.00001e-06              0    0.025368254    0.074631746              
            230      28.497154    1.00001e-06              0    0.025476255    0.074523745              
            231      28.624056    1.00001e-06              0    0.025577256    0.074422744              
            232      28.751571    1.00001e-06              0    0.025704257    0.074295743              
            233      28.876419    1.00001e-06              0    0.025797258    0.074202742              
            234      29.002519    1.00001e-06              0    0.025893259    0.074106741              
            235      29.129892    1.00001e-06              0     0.02599126     0.07400874              
            236      29.257339    1.00001e-06              0    0.026092261    0.073907739              
            237      29.385474    1.00001e-06              0    0.026214262    0.073785738              
            238      29.511578    1.00001e-06              0    0.026340263    0.073659737              
            239      29.639806    1.00001e-06              0    0.026452265    0.073547735              
            240      29.767135    1.00001e-06              0    0.026579266    0.073420734              
            241       29.89579    1.00001e-06              0    0.026710267    0.073289733              
            242      30.022058    1.00001e-06              0    0.026835268    0.073164732              
            243       30.14825    1.00001e-06              0     0.02695327     0.07304673              
            244      30.275489    1.00001e-06              0    0.027080271    0.072919729              
            245      30.402124    1.00001e-06              0    0.027194272    0.072805728              
            246      30.528364    1.00001e-06              0    0.027294273    0.072705727              
            247      30.656921    1.00001e-06              0    0.027406274    0.072593726              
            248      30.784522    1.00001e-06              0    0.027515275    0.072484725              
            249      30.910615    1.00001e-06              0    0.027633276    0.072366724              
            250      31.036076    1.00001e-06              0    0.027748277    0.072251723              
            251      31.163421    1.00001e-06              0    0.027838278    0.072161722              
            252      31.289366    1.00001e-06              0    0.027943279    0.072056721              
            253      31.416178    1.00001e-06              0     0.02804128     0.07195872              
            254      31.542589    1.00001e-06              0    0.028159282    0.071840718              
            255        31.6697    1.00001e-06              0    0.028265283    0.071734717              
            256      31.796569    1.00001e-06              0    0.028371284    0.071628716              
            257      31.921598    1.00001e-06              0    0.028492285    0.071507715              
            258      32.047777    1.00001e-06              0    0.028608286    0.071391714              
            259      32.173088    1.00001e-06              0    0.028716287    0.071283713              
            260      32.298435    1.00001e-06              0    0.028822288    0.071177712              
            261      32.427034    1.00001e-06              0    0.028941289    0.071058711              
            262      32.553426    1.00001e-06              0     0.02903729     0.07096271              
            263      32.680571    1.00001e-06              0    0.029134291    0.070865709              
            264      32.808242    1.00001e-06              0    0.029242292    0.070757708              
            265      32.935999    1.00001e-06              0    0.029359294    0.070640706              
            266      33.063523    1.00001e-06              0    0.029481295    0.070518705              
            267      33.191912    1.00001e-06              0    0.029597296    0.070402704              
            268      33.318672    1.00001e-06              0    0.029712297    0.070287703              
            269      33.447631    1.00001e-06              0    0.029807298    0.070192702              
            270      33.574673    1.00001e-06              0    0.029922299    0.070077701              
            271      33.702301    1.00001e-06              0      0.0300213      0.0699787              
            272      33.830328    1.00001e-06              0    0.030128301    0.069871699              
            273      33.959627    1.00001e-06              0    0.030245302    0.069754698              
            274      34.087395    1.00001e-06              0    0.030367304    0.069632696              
            275      34.214923    1.00001e-06              0    0.030483305    0.069516695              
            276      34.343227    1.00001e-06              0    0.030606306    0.069393694              
            277      34.470302    1.00001e-06              0    0.030721307    0.069278693              
            278      34.597876    1.00001e-06              0    0.030828308    0.069171692              
            279      34.725811    1.00001e-06              0    0.030934309    0.069065691              
            280      34.853542    1.00001e-06              0    0.031053311    0.068946689              
            281      34.982196    1.00001e-06              0    0.031165312    0.068834688              
            282      35.109722    1.00001e-06              0    0.031294313    0.068705687              
            283      35.236634    1.00001e-06              0    0.031413314    0.068586686              
            284      35.364559    1.00001e-06              0    0.031538315    0.068461685              
            285      35.492513    1.00001e-06              0    0.031669317    0.068330683              
            286      35.620837    1.00001e-06              0    0.031780318    0.068219682              
            287      35.750505    1.00001e-06              0    0.031898319    0.068101681              
            288      35.878607    1.00001e-06              0     0.03199432     0.06800568              
            289      36.006104    1.00001e-06              0    0.032115321    0.067884679              
            290      36.135254    1.00001e-06              0    0.032231322    0.067768678              
            291      36.262035    1.00001e-06              0    0.032321323    0.067678677              
            292      36.391253    1.00001e-06              0    0.032420324    0.067579676              
            293      36.518712    1.00001e-06              0    0.032525325    0.067474675              
            294       36.64691    1.00001e-06              0    0.032621326    0.067378674              
            295      36.774201    1.00001e-06              0    0.032738327    0.067261673              
            296      36.901995    1.00001e-06              0    0.032845328    0.067154672              
            297      37.029478    1.00001e-06              0     0.03296933     0.06703067              
            298      37.157333    1.00001e-06              0    0.033084331    0.066915669              
            299      37.285177    1.00001e-06              0    0.033200332    0.066799668              
            300      37.415469    1.00001e-06              0    0.033318333    0.066681667              
            301      37.543995    1.00001e-06              0    0.033434334    0.066565666              
            302       37.67353    1.00001e-06              0    0.033535335    0.066464665              
            303      37.803034    1.00001e-06              0    0.033650337    0.066349663              
            304      37.931376    1.00001e-06              0    0.033755338    0.066244662              
            305      38.061557    1.00001e-06              0    0.033864339    0.066135661              
            306      38.190589    1.00001e-06              0     0.03398334     0.06601666              
            307      38.316627    1.00001e-06              0    0.034087341    0.065912659              
            308       38.44454    1.00001e-06              0    0.034187342    0.065812658              
            309      38.572852    1.00001e-06              0    0.034293343    0.065706657              
            310      38.701875    1.00001e-06              0    0.034400344    0.065599656              
            311      38.829711    1.00001e-06              0    0.034496345    0.065503655              
            312      38.959181    1.00001e-06              0    0.034608346    0.065391654              
            313       39.08886    1.00001e-06              0    0.034732347    0.065267653              
            314      39.217863    1.00001e-06              0    0.034841348    0.065158652              
            315      39.345616    1.00001e-06              0    0.034942349    0.065057651              
            316      39.474117    1.00001e-06              0    0.035057351    0.064942649              
            317      39.602569    1.00001e-06              0    0.035167352    0.064832648              
            318        39.7308    1.00001e-06              0    0.035284353    0.064715647              
            319      39.859814    1.00001e-06              0    0.035384354    0.064615646              
            320      39.988062    1.00001e-06              0    0.035506355    0.064493645              
            321      40.116696    1.00001e-06              0    0.035623356    0.064376644              
            322      40.248673    1.00001e-06              0    0.035746357    0.064253643              
            323      40.376947    1.00001e-06              0    0.035850358    0.064149641              
            324      40.505517    1.00001e-06              0     0.03597036     0.06402964              
            325      40.633946    1.00001e-06              0    0.036077361    0.063922639              
            326      40.763783    1.00001e-06              0    0.036177362    0.063822638              
            327      40.892342    1.00001e-06              0    0.036290363    0.063709637              
            328      41.021246    1.00001e-06              0    0.036403364    0.063596636              
            329      41.148866    1.00001e-06              0    0.036509365    0.063490635              
            330      41.277242    1.00001e-06              0    0.036620366    0.063379634              
            331      41.406892    1.00001e-06              0    0.036733367    0.063266633              
            332      41.534653    1.00001e-06              0    0.036834368    0.063165632              
            333      41.663137    1.00001e-06              0    0.036946369    0.063053631              
            334      41.790062    1.00001e-06              0    0.037064371    0.062935629              
            335      41.917924    1.00001e-06              0    0.037169372    0.062830628              
            336      42.047943    1.00001e-06              0    0.037270373    0.062729627              
            337      42.178699    1.00001e-06              0    0.037380374    0.062619626              
            338      42.307067    1.00001e-06              0    0.037497375    0.062502625              
            339      42.434798    1.00001e-06              0    0.037611376    0.062388624              
            340      42.564629    1.00001e-06              0    0.037738377    0.062261623              
            341      42.694722    1.00001e-06              0    0.037836378    0.062163622              
            342      42.824473    1.00001e-06              0    0.037937379    0.062062621              
            343      42.953696    1.00001e-06              0     0.03803938     0.06196062              
            344      43.083722    1.00001e-06              0    0.038163382    0.061836618              
            345      43.213671    1.00001e-06              0    0.038282383    0.061717617              
            346      43.344925    1.00001e-06              0    0.038375384    0.061624616              
            347      43.473999    1.00001e-06              0    0.038480385    0.061519615              
            348      43.604934    1.00001e-06              0    0.038578386    0.061421614              
            349      43.734697    1.00001e-06              0    0.038698387    0.061301613              
            350      43.864821    1.00001e-06              0    0.038796388    0.061203612              
            351      43.993546    1.00001e-06              0    0.038915389    0.061084611              
            352      44.121551    1.00001e-06              0     0.03900939     0.06099061              
            353      44.251049    1.00001e-06              0    0.039122391    0.060877609              
            354      44.381149    1.00001e-06              0    0.039241392    0.060758608              
            355      44.511047    1.00001e-06              0    0.039361394    0.060638606              
            356      44.640736    1.00001e-06              0    0.039480395    0.060519605              
            357      44.770327    1.00001e-06              0    0.039593396    0.060406604              
            358      44.901065    1.00001e-06              0    0.039709397    0.060290603              
            359      45.030955    1.00001e-06              0    0.039820398    0.060179602              
            360       45.16101    1.00001e-06              0    0.039930399    0.060069601              
            361      45.289757    1.00001e-06              0    0.040052401    0.059947599              
            362      45.420205    1.00001e-06              0    0.040154402    0.059845598              
            363      45.549841    1.00001e-06              0    0.040279403    0.059720597              
            364      45.682144    1.00001e-06              0    0.040395404    0.059604596              
            365      45.814008    1.00001e-06              0    0.040510405    0.059489595              
            366      45.944613    1.00001e-06              0    0.040604406    0.059395594              
            367      46.073864    1.00001e-06              0    0.040710407    0.059289593              
            368      46.203704    1.00001e-06              0    0.040832408    0.059167592              
            369      46.334395    1.00001e-06              0    0.040938409    0.059061591              
            370      46.463803    1.00001e-06              0     0.04104441     0.05895559              
            371      46.594406    1.00001e-06              0    0.041170412    0.058829588              
            372      46.726768    1.00001e-06              0    0.041297413    0.058702587              
            373      46.855996    1.00001e-06              0    0.041410414    0.058589586              
            374      46.985093    1.00001e-06              0    0.041500415    0.058499585              
            375      47.116721    1.00001e-06              0    0.041605416    0.058394584              
            376      47.246816    1.00001e-06              0    0.041725417    0.058274583              
            377      47.378377    1.00001e-06              0    0.041833418    0.058166582              
            378      47.510957    1.00001e-06              0    0.041939419    0.058060581              
            379      47.640176    1.00001e-06              0     0.04203242     0.05796758              
            380      47.771767    1.00001e-06              0    0.042135421    0.057864579              
            381      47.904108    1.00001e-06              0    0.042236422    0.057763578              
            382      48.035344    1.00001e-06              0    0.042361424    0.057638576              
            383      48.167781    1.00001e-06              0    0.042477425    0.057522575              
            384      48.300804    1.00001e-06              0    0.042586426    0.057413574              
            385      48.431213    1.00001e-06              0    0.042699427    0.057300573              
            386      48.561383    1.00001e-06              0    0.042817428    0.057182572              
            387      48.690656    1.00001e-06              0    0.042930429    0.057069571              
            388      48.821487    1.00001e-06              0     0.04303643     0.05696357              
            389       48.95235    1.00001e-06              0    0.043138431    0.056861569              
            390      49.083265    1.00001e-06              0    0.043253433    0.056746567              
            391      49.217364    1.00001e-06              0    0.043371434    0.056628566              
            392       49.34763    1.00001e-06              0    0.043486435    0.056513565              
            393      49.479623    1.00001e-06              0    0.043595436    0.056404564              
            394      49.611426    1.00001e-06              0    0.043702437    0.056297563              
            395      49.742491    1.00001e-06              0    0.043792438    0.056207562              
            396      49.876231    1.00001e-06              0    0.043903439    0.056096561              
            397      50.007556    1.00001e-06              0     0.04401244     0.05598756              
            398      50.137822    1.00001e-06              0    0.044114441    0.055885559              
            399      50.269235    1.00001e-06              0    0.044215442    0.055784558              
            400      50.399673    1.00001e-06              0    0.044325443    0.055674557              
            401      50.531318    1.00001e-06              0    0.044433444    0.055566556              
            402      50.662197    1.00001e-06              0    0.044558446    0.055441554              
            403      50.794713    1.00001e-06              0    0.044673447    0.055326553              
            404       50.92542    1.00001e-06              0    0.044773448    0.055226552              
            405      51.055467    1.00001e-06              0    0.044883449    0.055116551              
            406      51.188484    1.00001e-06              0     0.04498545     0.05501455              
            407      51.319345    1.00001e-06              0    0.045078451    0.054921549              
            408       51.45224    1.00001e-06              0    0.045175452    0.054824548              
            409      51.583733    1.00001e-06              0    0.045289453    0.054710547              
            410      51.714535    1.00001e-06              0    0.045401454    0.054598546              
            411      51.847666    1.00001e-06              0    0.045510455    0.054489545              
            412      51.979283    1.00001e-06              0    0.045616456    0.054383544              
            413      52.112162    1.00001e-06              0    0.045722457    0.054277543              
            414      52.245833    1.00001e-06              0    0.045814458    0.054185542              
            415       52.37794    1.00001e-06              0    0.045927459    0.054072541              
            416      52.509358    1.00001e-06              0     0.04604946    0.053950539              
            417      52.639951    1.00001e-06              0    0.046168462    0.053831538              
            418      52.770995    1.00001e-06              0    0.046273463    0.053726537              
            419      52.903414    1.00001e-06              0    0.046393464    0.053606536              
            420      53.033991    1.00001e-06              0    0.046485465    0.053514535              
            421      53.165913    1.00001e-06              0    0.046595466    0.053404534              
            422      53.298378    1.00001e-06              0    0.046722467    0.053277533              
            423      53.432086    1.00001e-06              0    0.046825468    0.053174532              
            424      53.564542    1.00001e-06              0    0.046929469    0.053070531              
            425      53.697778    1.00001e-06              0     0.04703947     0.05296053              
            426      53.831591    1.00001e-06              0    0.047141471    0.052858529              
            427      53.965507    1.00001e-06              0    0.047240472    0.052759528              
            428      54.098194    1.00001e-06              0    0.047342473    0.052657527              
            429      54.231215    1.00001e-06              0    0.047448474    0.052551526              
            430      54.364426    1.00001e-06              0    0.047550476    0.052449524              
            431      54.496766    1.00001e-06              0    0.047647476    0.052352524              
            432      54.629068    1.00001e-06              0    0.047760478    0.052239522              
            433      54.762822    1.00001e-06              0    0.047868479    0.052131521              
            434      54.895042    1.00001e-06              0     0.04799348     0.05200652              
            435      55.027126    1.00001e-06              0    0.048092481    0.051907519              
            436      55.159525    1.00001e-06              0    0.048200482    0.051799518              
            437      55.291048    1.00001e-06              0    0.048308483    0.051691517              
            438      55.425295    1.00001e-06              0    0.048399484    0.051600516              
            439      55.558613    1.00001e-06              0    0.048498485    0.051501515              
            440      55.692469    1.00001e-06              0    0.048609486    0.051390514              
            441      55.825156    1.00001e-06              0    0.048725487    0.051274513              
            442      55.957224    1.00001e-06              0    0.048836488    0.051163512              
            443      56.089005    1.00001e-06              0     0.04895249     0.05104751              
            444      56.222682    1.00001e-06              0    0.049057491    0.050942509              
            445      56.358095    1.00001e-06              0    0.049168492    0.050831508              
            446      56.492227    1.00001e-06              0    0.049293493    0.050706507              
            447       56.62935    1.00001e-06              0    0.049414494    0.050585506              
            448      56.764089    1.00001e-06              0    0.049513495    0.050486505              
            449      56.898499    1.00001e-06              0    0.049612496    0.050387504              
            450       57.03356    1.00001e-06              0    0.049711497    0.050288503              
            451      57.167682    1.00001e-06              0    0.049811498    0.050188502              
            452       57.30238    1.00001e-06              0    0.049896499    0.050103501              
            453      57.437636    1.00001e-06              0      0.0500275      0.0499725              
            454      57.572366    1.00001e-06              0    0.050143501    0.049856499              
            455         57.706    1.00001e-06              0    0.050257503    0.049742497              
            456      57.839413    1.00001e-06              0    0.050366504    0.049633496              
            457      57.973734    1.00001e-06              0    0.050467505    0.049532495              
            458      58.106236    1.00001e-06              0    0.050585506    0.049414494              
            459      58.240682    1.00001e-06              0    0.050718507    0.049281493              
            460      58.374551    1.00001e-06              0    0.050825508    0.049174492              
            461      58.508856    1.00001e-06              0    0.050947509    0.049052491              
            462      58.643703    1.00001e-06              0    0.051056511    0.048943489              
            463      58.777714    1.00001e-06              0    0.051150512    0.048849488              
            464      58.912593    1.00001e-06              0    0.051271513    0.048728487              
            465      59.046795    1.00001e-06              0    0.051390514    0.048609486              
            466      59.181346    1.00001e-06              0    0.051499515    0.048500485              
            467      59.316642    1.00001e-06              0    0.051605516    0.048394484              
            468       59.45153    1.00001e-06              0    0.051720517    0.048279483              
            469      59.585377    1.00001e-06              0    0.051819518    0.048180482              
            470      59.721539    1.00001e-06              0    0.051925519    0.048074481              
            471      59.855623    1.00001e-06              0    0.052053521    0.047946479              
            472      59.992101    1.00001e-06              0    0.052178522    0.047821478              
            473      60.128004    1.00001e-06              0    0.052281523    0.047718477              
            474      60.262973    1.00001e-06              0    0.052390524    0.047609476              
            475        60.3981    1.00001e-06              0    0.052507525    0.047492475              
            476      60.534976    1.00001e-06              0    0.052622526    0.047377474              
            477      60.668114    1.00001e-06              0    0.052736527    0.047263473              
            478      60.803363    1.00001e-06              0    0.052834528    0.047165472              
            479      60.937853    1.00001e-06              0     0.05295253     0.04704747              
            480      61.072473    1.00001e-06              0    0.053066531    0.046933469              
            481      61.206109    1.00001e-06              0    0.053178532    0.046821468              
            482      61.342073    1.00001e-06              0    0.053292533    0.046707467              
            483      61.478267    1.00001e-06              0    0.053402534    0.046597466              
            484      61.613136    1.00001e-06              0    0.053516535    0.046483465              
            485      61.748059    1.00001e-06              0    0.053626536    0.046373464              
            486      61.884382    1.00001e-06              0    0.053734537    0.046265463              
            487      62.021289    1.00001e-06              0    0.053851539    0.046148461              
            488      62.155847    1.00001e-06              0     0.05395754     0.04604246              
            489      62.290953    1.00001e-06              0    0.054069541    0.045930459              
            490      62.428158    1.00001e-06              0    0.054178542    0.045821458              
            491      62.565678    1.00001e-06              0    0.054294543    0.045705457              
            492      62.700669    1.00001e-06              0    0.054393544    0.045606456              
            493      62.837276    1.00001e-06              0    0.054500545    0.045499455              
            494      62.975264    1.00001e-06              0    0.054612546    0.045387454              
            495      63.109066    1.00001e-06              0    0.054729547    0.045270453              
            496      63.243931    1.00001e-06              0    0.054851549    0.045148451              
            497      63.380162    1.00001e-06              0     0.05496155     0.04503845              
            498      63.516933    1.00001e-06              0    0.055079551    0.044920449              
            499      63.653474    1.00001e-06              0    0.055180552    0.044819448              
            500      63.792236    1.00001e-06              0    0.055291553    0.044708447              
            501      63.926425    1.00001e-06              0    0.055429554    0.044570446              
            502      64.062399    1.00001e-06              0    0.055535555    0.044464445              
            503      64.199306    1.00001e-06              0    0.055649556    0.044350444              
            504      64.336948    1.00001e-06              0    0.055756558    0.044243442              
            505      64.475467    1.00001e-06              0    0.055864559    0.044135441              
            506      64.611501    1.00001e-06              0     0.05598656     0.04401344              
            507      64.750159    1.00001e-06              0    0.056120561    0.043879439              
            508      64.885675    1.00001e-06              0    0.056238562    0.043761438              
            509      65.023381    1.00001e-06              0    0.056351564    0.043648436              
            510       65.15848    1.00001e-06              0    0.056460565    0.043539435              
            511      65.296603    1.00001e-06              0    0.056567566    0.043432434              
            512      65.431877    1.00001e-06              0    0.056666567    0.043333433              
            513      65.569186    1.00001e-06              0    0.056791568    0.043208432              
            514      65.706811    1.00001e-06              0    0.056914569    0.043085431              
            515      65.843759    1.00001e-06              0     0.05702457     0.04297543              
            516        65.9821    1.00001e-06              0    0.057130571    0.042869429              
            517      66.119258    1.00001e-06              0    0.057247572    0.042752428              
            518      66.255797    1.00001e-06              0    0.057359574    0.042640426              
            519      66.393547    1.00001e-06              0    0.057478575    0.042521425              
            520      66.531704    1.00001e-06              0    0.057586576    0.042413424              
            521      66.669299    1.00001e-06              0    0.057705577    0.042294423              
            522      66.807574    1.00001e-06              0    0.057819578    0.042180422              
            523      66.942754    1.00001e-06              0    0.057933579    0.042066421              
            524      67.081081    1.00001e-06              0     0.05803758     0.04196242              
            525       67.21946    1.00001e-06              0    0.058140581    0.041859419              
            526      67.357926    1.00001e-06              0    0.058229582    0.041770418              
            527      67.497035    1.00001e-06              0    0.058335583    0.041664417              
            528      67.637571    1.00001e-06              0    0.058451585    0.041548415              
            529      67.778424    1.00001e-06              0    0.058575586    0.041424414              
            530      67.917487    1.00001e-06              0    0.058683587    0.041316413              
            531      68.056534    1.00001e-06              0    0.058795588    0.041204412              
            532      68.194773    1.00001e-06              0    0.058921589    0.041078411              
            533      68.332315    1.00001e-06              0     0.05903359     0.04096641              
            534      68.471242    1.00001e-06              0    0.059143591    0.040856409              
            535       68.61049    1.00001e-06              0    0.059249592    0.040750408              
            536       68.74767    1.00001e-06              0    0.059357594    0.040642406              
            537      68.887345    1.00001e-06              0    0.059453595    0.040546405              
            538      69.026438    1.00001e-06              0    0.059564596    0.040435404              
            539      69.164783    1.00001e-06              0    0.059680597    0.040319403              
            540       69.30219    1.00001e-06              0    0.059785598    0.040214402              
            541      69.441366    1.00001e-06              0    0.059917599    0.040082401              
            542      69.582014    1.00001e-06              0      0.0600396      0.0399604              
            543      69.724207    1.00001e-06              0    0.060144601    0.039855399              
            544       69.86448    1.00001e-06              0    0.060250603    0.039749397              
            545      70.004183    1.00001e-06              0    0.060349603    0.039650397              
            546      70.144781    1.00001e-06              0    0.060452605    0.039547395              
            547      70.284227    1.00001e-06              0    0.060567606    0.039432394              
            548      70.424324    1.00001e-06              0    0.060675607    0.039324393              
            549      70.562753    1.00001e-06              0    0.060790608    0.039209392              
            550      70.703815    1.00001e-06              0    0.060892609    0.039107391              
            551      70.843123    1.00001e-06              0     0.06098961     0.03901039              
            552      70.984175    1.00001e-06              0    0.061095611    0.038904389              
            553      71.124879    1.00001e-06              0    0.061216612    0.038783388              
            554      71.265644    1.00001e-06              0    0.061329613    0.038670387              
            555      71.406091    1.00001e-06              0    0.061439614    0.038560386              
            556      71.545656    1.00001e-06              0    0.061542615    0.038457385              
            557      71.686035    1.00001e-06              0    0.061645616    0.038354384              
            558      71.828221    1.00001e-06              0    0.061755618    0.038244382              
            559      71.969188    1.00001e-06              0    0.061853619    0.038146381              
            560      72.110165    1.00001e-06              0     0.06196962     0.03803038              
            561      72.250932    1.00001e-06              0    0.062081621    0.037918379              
            562      72.392189    1.00001e-06              0    0.062187622    0.037812378              
            563      72.533074    1.00001e-06              0    0.062316623    0.037683377              
            564      72.674317    1.00001e-06              0    0.062455625    0.037544375              
            565       72.81668    1.00001e-06              0    0.062557626    0.037442374              
            566      72.958947    1.00001e-06              0    0.062680627    0.037319373              
            567      73.103233    1.00001e-06              0    0.062789628    0.037210372              
            568      73.245015    1.00001e-06              0    0.062895629    0.037104371              
            569      73.386966    1.00001e-06              0     0.06301563     0.03698437              
            570      73.530255    1.00001e-06              0    0.063130631    0.036869369              
            571      73.672038    1.00001e-06              0    0.063260633    0.036739367              
            572      73.814809    1.00001e-06              0    0.063365634    0.036634366              
            573      73.956656    1.00001e-06              0    0.063488635    0.036511365              
            574      74.099954    1.00001e-06              0    0.063604636    0.036395364              
            575      74.240346    1.00001e-06              0    0.063728637    0.036271363              
            576      74.383386    1.00001e-06              0    0.063842638    0.036157362              
            577      74.527849    1.00001e-06              0     0.06395764     0.03604236              
            578      74.672033    1.00001e-06              0    0.064056641    0.035943359              
            579      74.816197    1.00001e-06              0    0.064160642    0.035839358              
            580      74.958271    1.00001e-06              0    0.064271643    0.035728357              
            581      75.103288    1.00001e-06              0    0.064381644    0.035618356              
            582      75.248052    1.00001e-06              0    0.064485645    0.035514355              
            583      75.390813    1.00001e-06              0    0.064609646    0.035390354              
            584      75.533342    1.00001e-06              0    0.064713647    0.035286353              
            585      75.675396    1.00001e-06              0    0.064843648    0.035156352              
            586      75.817395    1.00001e-06              0     0.06495665     0.03504335              
            587      75.959605    1.00001e-06              0    0.065065651    0.034934349              
            588      76.101537    1.00001e-06              0    0.065180652    0.034819348              
            589      76.243948    1.00001e-06              0    0.065295653    0.034704347              
            590      76.389086    1.00001e-06              0    0.065412654    0.034587346              
            591      76.534112    1.00001e-06              0    0.065525655    0.034474345              
            592      76.677395    1.00001e-06              0    0.065633656    0.034366344              
            593      76.820775    1.00001e-06              0    0.065744657    0.034255343              
            594      76.964463    1.00001e-06              0    0.065870659    0.034129341              
            595      77.108649    1.00001e-06              0     0.06597666     0.03402334              
            596      77.252598    1.00001e-06              0    0.066090661    0.033909339              
            597      77.397143    1.00001e-06              0    0.066209662    0.033790338              
            598       77.54112    1.00001e-06              0    0.066328663    0.033671337              
            599        77.6844    1.00001e-06              0    0.066415664    0.033584336              
            600      77.830853    1.00001e-06              0    0.066518665    0.033481335              
            601      77.976409    1.00001e-06              0    0.066650666    0.033349333              
            602      78.121392    1.00001e-06              0    0.066756668    0.033243332              
            603       78.26474    1.00001e-06              0    0.066848668    0.033151332              
            604      78.408801    1.00001e-06              0     0.06696267     0.03303733              
            605      78.555463    1.00001e-06              0    0.067082671    0.032917329              
            606      78.700537    1.00001e-06              0    0.067199672    0.032800328              
            607      78.847134    1.00001e-06              0    0.067304673    0.032695327              
            608      78.992076    1.00001e-06              0    0.067422674    0.032577326              
            609      79.138258    1.00001e-06              0    0.067519675    0.032480325              
            610      79.282924    1.00001e-06              0    0.067653677    0.032346323              
            611      79.427445    1.00001e-06              0    0.067760678    0.032239322              
            612      79.574755    1.00001e-06              0    0.067860679    0.032139321              
            613      79.722789    1.00001e-06              0     0.06797468     0.03202532              
            614      79.869107    1.00001e-06              0    0.068095681    0.031904319              
            615       80.01746    1.00001e-06              0    0.068199682    0.031800318              
            616      80.162915    1.00001e-06              0    0.068300683    0.031699317              
            617      80.309421    1.00001e-06              0    0.068409684    0.031590316              
            618       80.45634    1.00001e-06              0    0.068492685    0.031507315              
            619       80.60271    1.00001e-06              0    0.068586686    0.031413314              
            620      80.751243    1.00001e-06              0    0.068707687    0.031292313              
            621      80.898166    1.00001e-06              0    0.068839688    0.031160312              
            622      81.046257    1.00001e-06              0    0.068946689    0.031053311              
            623      81.194709    1.00001e-06              0    0.069057691    0.030942309              
            624       81.34142    1.00001e-06              0    0.069155692    0.030844308              
            625      81.491516    1.00001e-06              0    0.069255693    0.030744307              
            626      81.640779    1.00001e-06              0    0.069378694    0.030621306              
            627      81.787639    1.00001e-06              0    0.069488695    0.030511305              
            628      81.935816    1.00001e-06              0    0.069589696    0.030410304              
            629      82.083955    1.00001e-06              0    0.069700697    0.030299303              
            630      82.231161    1.00001e-06              0    0.069813698    0.030186302              
            631      82.376636    1.00001e-06              0    0.069929699    0.030070301              
            632      82.528506    1.00001e-06              0      0.0700297      0.0299703              
            633      82.678631    1.00001e-06              0    0.070134701    0.029865299              
            634      82.826108    1.00001e-06              0    0.070238702    0.029761298              
            635      82.975833    1.00001e-06              0    0.070329703    0.029670297              
            636      83.125261    1.00001e-06              0    0.070443704    0.029556296              
            637      83.275167    1.00001e-06              0    0.070545705    0.029454295              
            638      83.424148    1.00001e-06              0    0.070645706    0.029354294              
            639      83.572314    1.00001e-06              0    0.070749707    0.029250293              
            640      83.723912    1.00001e-06              0    0.070872709    0.029127291              
            641       83.87356    1.00001e-06              0     0.07099071     0.02900929              
            642      84.024229    1.00001e-06              0    0.071098711    0.028901289              
            643       84.17432    1.00001e-06              0    0.071223712    0.028776288              
            644      84.325258    1.00001e-06              0    0.071337713    0.028662287              
            645      84.475389    1.00001e-06              0    0.071452715    0.028547285              
            646      84.627431    1.00001e-06              0    0.071571716    0.028428284              
            647      84.776573    1.00001e-06              0    0.071682717    0.028317283              
            648      84.928804    1.00001e-06              0    0.071808718    0.028191282              
            649      85.079235    1.00001e-06              0    0.071900719    0.028099281              
            650      85.231376    1.00001e-06              0     0.07202072     0.02797928              
            651      85.383148    1.00001e-06              0    0.072116721    0.027883279              
            652      85.535296    1.00001e-06              0    0.072224722    0.027775278              
            653      85.685649    1.00001e-06              0    0.072342723    0.027657277              
            654      85.837551    1.00001e-06              0    0.072458725    0.027541275              
            655      85.988061    1.00001e-06              0    0.072565726    0.027434274              
            656      86.140554    1.00001e-06              0    0.072694727    0.027305273              
            657      86.293259    1.00001e-06              0    0.072809728    0.027190272              
            658      86.447021    1.00001e-06              0    0.072916729    0.027083271              
            659       86.59847    1.00001e-06              0     0.07302073     0.02697927              
            660      86.751296    1.00001e-06              0    0.073130731    0.026869269              
            661      86.905042    1.00001e-06              0    0.073249732    0.026750268              
            662       87.05855    1.00001e-06              0    0.073352734    0.026647266              
            663      87.212675    1.00001e-06              0    0.073472735    0.026527265              
            664      87.366578    1.00001e-06              0    0.073582736    0.026417264              
            665      87.519673    1.00001e-06              0    0.073688737    0.026311263              
            666      87.673584    1.00001e-06              0    0.073810738    0.026189262              
            667      87.829701    1.00001e-06              0    0.073918739    0.026081261              
            668      87.984154    1.00001e-06              0     0.07403374     0.02596626              
            669      88.137429    1.00001e-06              0    0.074137741    0.025862259              
            670      88.292693    1.00001e-06              0    0.074239742    0.025760258              
            671      88.445635    1.00001e-06              0    0.074344743    0.025655257              
            672      88.602711    1.00001e-06              0    0.074464745    0.025535255              
            673      88.756855    1.00001e-06              0    0.074577746    0.025422254              
            674      88.910857    1.00001e-06              0    0.074687747    0.025312253              
            675      89.066541    1.00001e-06              0    0.074809748    0.025190252              
            676      89.222648    1.00001e-06              0    0.074920749    0.025079251              
            677      89.378433    1.00001e-06              0     0.07504475     0.02495525              
            678      89.536042    1.00001e-06              0    0.075169752    0.024830248              
            679      89.692254    1.00001e-06              0    0.075278753    0.024721247              
            680      89.849309    1.00001e-06              0    0.075393754    0.024606246              
            681      90.006981    1.00001e-06              0    0.075505755    0.024494245              
            682      90.166072    1.00001e-06              0    0.075610756    0.024389244              
            683      90.323867    1.00001e-06              0    0.075704757    0.024295243              
            684      90.481147    1.00001e-06              0    0.075819758    0.024180242              
            685      90.637606    1.00001e-06              0     0.07595376     0.02404624              
            686      90.793554    1.00001e-06              0    0.076074761    0.023925239              
            687      90.950539    1.00001e-06              0    0.076186762    0.023813238              
            688      91.109438    1.00001e-06              0    0.076297763    0.023702237              
            689      91.269154    1.00001e-06              0    0.076393764    0.023606236              
            690      91.429337    1.00001e-06              0    0.076493765    0.023506235              
            691      91.588332    1.00001e-06              0    0.076617766    0.023382234              
            692      91.747581    1.00001e-06              0    0.076721767    0.023278233              
            693      91.907331    1.00001e-06              0    0.076842768    0.023157232              
            694      92.067642    1.00001e-06              0     0.07696377     0.02303623              
            695      92.227921    1.00001e-06              0    0.077097771    0.022902229              
            696      92.387927    1.00001e-06              0    0.077188772    0.022811228              
            697      92.548246    1.00001e-06              0    0.077305773    0.022694227              
            698      92.709604    1.00001e-06              0    0.077416774    0.022583226              
            699      92.869303    1.00001e-06              0    0.077548775    0.022451225              
            700      93.031839    1.00001e-06              0    0.077663777    0.022336223              
            701      93.193116    1.00001e-06              0    0.077778778    0.022221222              
            702      93.355304    1.00001e-06              0    0.077896779    0.022103221              
            703      93.516987    1.00001e-06              0     0.07802178     0.02197822              
            704       93.67949    1.00001e-06              0    0.078152782    0.021847218              
            705      93.842697    1.00001e-06              0    0.078282783    0.021717217              
            706      94.007025    1.00001e-06              0    0.078402784    0.021597216              
            707      94.170246    1.00001e-06              0    0.078518785    0.021481215              
            708      94.334075    1.00001e-06              0    0.078634786    0.021365214              
            709      94.500399    1.00001e-06              0    0.078748787    0.021251213              
            710      94.663763    1.00001e-06              0    0.078852789    0.021147211              
            711      94.828208    1.00001e-06              0    0.078928789    0.021071211              
            712      94.997118    1.00001e-06              0     0.07904579     0.02095421              
            713      95.161405    1.00001e-06              0    0.079142791    0.020857209              
            714      95.327717    1.00001e-06              0    0.079241792    0.020758208              
            715      95.492937    1.00001e-06              0    0.079348793    0.020651207              
            716      95.658725    1.00001e-06              0    0.079458795    0.020541205              
            717      95.824243    1.00001e-06              0    0.079570796    0.020429204              
            718      95.990651    1.00001e-06              0    0.079682797    0.020317203              
            719      96.157103    1.00001e-06              0    0.079805798    0.020194202              
            720      96.323853    1.00001e-06              0    0.079922799    0.020077201              
            721      96.491703    1.00001e-06              0      0.0800188      0.0199812              
            722      96.659629    1.00001e-06              0    0.080133801    0.019866199              
            723      96.829327    1.00001e-06              0    0.080231802    0.019768198              
            724      97.000079    1.00001e-06              0    0.080325803    0.019674197              
            725       97.16612    1.00001e-06              0    0.080441804    0.019558196              
            726      97.334738    1.00001e-06              0    0.080549805    0.019450195              
            727      97.502369    1.00001e-06              0    0.080681807    0.019318193              
            728      97.672304    1.00001e-06              0    0.080782808    0.019217192              
            729      97.844082    1.00001e-06              0    0.080888809    0.019111191              
            730      98.015383    1.00001e-06              0     0.08101481     0.01898519              
            731      98.186073    1.00001e-06              0    0.081114811    0.018885189              
            732      98.356903    1.00001e-06              0    0.081216812    0.018783188              
            733      98.525579    1.00001e-06              0    0.081331813    0.018668187              
            734      98.697113    1.00001e-06              0    0.081430814    0.018569186              
            735      98.867455    1.00001e-06              0    0.081539815    0.018460185              
            736       99.04024    1.00001e-06              0    0.081655817    0.018344183              
            737      99.215456    1.00001e-06              0    0.081781818    0.018218182              
            738      99.388898    1.00001e-06              0    0.081909819    0.018090181              
            739      99.562409    1.00001e-06              0     0.08202282     0.01797718              
            740      99.738047    1.00001e-06              0    0.082143821    0.017856179              
            741      99.912601    1.00001e-06              0    0.082239822    0.017760178              
            742      100.08574    1.00001e-06              0    0.082341823    0.017658177              
            743      100.26093    1.00001e-06              0    0.082470825    0.017529175              
            744      100.43794    1.00001e-06              0    0.082580826    0.017419174              
            745       100.6149    1.00001e-06              0    0.082701827    0.017298173              
            746      100.79409    1.00001e-06              0    0.082805828    0.017194172              
            747      100.97231    1.00001e-06              0    0.082913829    0.017086171              
            748      101.14868    1.00001e-06              0     0.08302783     0.01697217              
            749      101.32578    1.00001e-06              0    0.083143831    0.016856169              
            750      101.50573    1.00001e-06              0    0.083249832    0.016750167              
            751      101.68367    1.00001e-06              0    0.083370834    0.016629166              
            752      101.86302    1.00001e-06              0    0.083482835    0.016517165              
            753      102.04341    1.00001e-06              0    0.083597836    0.016402164              
            754      102.22273    1.00001e-06              0    0.083705837    0.016294163              
            755       102.4022    1.00001e-06              0    0.083796838    0.016203162              
            756      102.58323    1.00001e-06              0    0.083913839    0.016086161              
            757      102.76532    1.00001e-06              0     0.08404884     0.01595116              
            758      102.94791    1.00001e-06              0    0.084159842    0.015840158              
            759       103.1317    1.00001e-06              0    0.084284843    0.015715157              
            760      103.31423    1.00001e-06              0    0.084404844    0.015595156              
            761       103.4971    1.00001e-06              0    0.084517845    0.015482155              
            762      103.68193    1.00001e-06              0    0.084624846    0.015375154              
            763      103.86662    1.00001e-06              0    0.084743847    0.015256153              
            764      104.05367    1.00001e-06              0    0.084865849    0.015134151              
            765      104.23933    1.00001e-06              0     0.08498685     0.01501315              
            766      104.42441    1.00001e-06              0    0.085099851    0.014900149              
            767      104.61099    1.00001e-06              0    0.085203852    0.014796148              
            768      104.79932    1.00001e-06              0    0.085300853    0.014699147              
            769      104.98847    1.00001e-06              0    0.085407854    0.014592146              
            770      105.17789    1.00001e-06              0    0.085509855    0.014490145              
            771      105.36793    1.00001e-06              0    0.085631856    0.014368144              
            772      105.56039    1.00001e-06              0    0.085734857    0.014265143              
            773      105.75033    1.00001e-06              0    0.085843858    0.014156142              
            774      105.94231    1.00001e-06              0     0.08595186     0.01404814              
            775      106.13598    1.00001e-06              0    0.086051861    0.013948139              
            776      106.32844    1.00001e-06              0    0.086156862    0.013843138              
            777      106.51887    1.00001e-06              0    0.086276863    0.013723137              
            778      106.71197    1.00001e-06              0    0.086385864    0.013614136              
            779      106.90498    1.00001e-06              0    0.086509865    0.013490135              
            780      107.09955    1.00001e-06              0    0.086643866    0.013356134              
            781      107.29566    1.00001e-06              0    0.086744867    0.013255133              
            782       107.4916    1.00001e-06              0    0.086854869    0.013145131              
            783      107.68577    1.00001e-06              0     0.08696687     0.01303313              
            784      107.88311    1.00001e-06              0    0.087071871    0.012928129              
            785      108.08242    1.00001e-06              0    0.087164872    0.012835128              
            786      108.27959    1.00001e-06              0    0.087272873    0.012727127              
            787       108.4799    1.00001e-06              0    0.087394874    0.012605126              
            788      108.68026    1.00001e-06              0    0.087509875    0.012490125              
            789      108.87985    1.00001e-06              0    0.087616876    0.012383124              
            790      109.08175    1.00001e-06              0    0.087731877    0.012268123              
            791      109.28533    1.00001e-06              0    0.087851879    0.012148121              
            792      109.48864    1.00001e-06              0    0.087949879    0.012050121              
            793      109.69372    1.00001e-06              0    0.088064881    0.011935119              
            794      109.90174    1.00001e-06              0    0.088179882    0.011820118              
            795      110.10626    1.00001e-06              0    0.088280883    0.011719117              
            796      110.31551    1.00001e-06              0    0.088397884    0.011602116              
            797       110.5257    1.00001e-06              0    0.088513885    0.011486115              
            798      110.73695    1.00001e-06              0    0.088626886    0.011373114              
            799      110.94897    1.00001e-06              0    0.088749887    0.011250112              
            800      111.16014    1.00001e-06              0    0.088844888    0.011155112              
            801      111.37361    1.00001e-06              0     0.08895189     0.01104811              
            802      111.58851    1.00001e-06              0    0.089067891    0.010932109              
            803      111.80279    1.00001e-06              0    0.089189892    0.010810108              
            804      112.02038    1.00001e-06              0    0.089296893    0.010703107              
            805      112.23719    1.00001e-06              0    0.089406894    0.010593106              
            806      112.45819    1.00001e-06              0    0.089516895    0.010483105              
            807      112.67737    1.00001e-06              0    0.089611896    0.010388104              
            808      112.89723    1.00001e-06              0    0.089706897    0.010293103              
            809      113.11878    1.00001e-06              0    0.089839898    0.010160102              
            810      113.34298    1.00001e-06              0      0.0899589      0.0100411              
            811      113.56837    1.00001e-06              0    0.090072901   0.0099270993              
            812      113.79213    1.00001e-06              0    0.090173902   0.0098260983              
            813      114.01843    1.00001e-06              0    0.090293903   0.0097060971              
            814      114.24639    1.00001e-06              0    0.090413904   0.0095860959              
            815      114.47684    1.00001e-06              0    0.090513905   0.0094860949              
            816      114.70865    1.00001e-06              0    0.090629906   0.0093700937              
            817      114.94268    1.00001e-06              0    0.090758908   0.0092410924              
            818      115.17592    1.00001e-06              0    0.090877909   0.0091220912              
            819      115.41093    1.00001e-06              0     0.09098691   0.0090130901              
            820      115.64585    1.00001e-06              0    0.091094911   0.0089050891              
            821      115.88708    1.00001e-06              0    0.091212912   0.0087870879              
            822      116.12895    1.00001e-06              0    0.091316913   0.0086830868              
            823      116.36759    1.00001e-06              0    0.091442914   0.0085570856              
            824      116.61325    1.00001e-06              0    0.091531915   0.0084680847              
            825      116.86109    1.00001e-06              0    0.091648916   0.0083510835              
            826      117.10924    1.00001e-06              0    0.091749917   0.0082500825              
            827      117.35659    1.00001e-06              0    0.091859919   0.0081400814              
            828      117.60822    1.00001e-06              0     0.09195892   0.0080410804              
            829      117.85861    1.00001e-06              0     0.09204192   0.0079580796              
            830      118.11436    1.00001e-06              0    0.092136921   0.0078630786              
            831      118.36979    1.00001e-06              0    0.092265923   0.0077340773              
            832      118.62567    1.00001e-06              0    0.092378924   0.0076210762              
            833      118.88651    1.00001e-06              0    0.092493925   0.0075060751              
            834      119.14796    1.00001e-06              0    0.092608926   0.0073910739              
            835      119.41286    1.00001e-06              0    0.092700927    0.007299073              
            836      119.68069    1.00001e-06              0    0.092813928   0.0071860719              
            837      119.94973    1.00001e-06              0    0.092924929   0.0070750707              
            838      120.22469    1.00001e-06              0     0.09304793   0.0069520695              
            839      120.49902    1.00001e-06              0    0.093157932   0.0068420684              
            840      120.77615    1.00001e-06              0    0.093261933   0.0067380674              
            841      121.05808    1.00001e-06              0    0.093373934   0.0066260663              
            842      121.34114    1.00001e-06              0    0.093472935   0.0065270653              
            843      121.62733    1.00001e-06              0    0.093578936   0.0064210642              
            844       121.9138    1.00001e-06              0    0.093691937   0.0063080631              
            845      122.20623    1.00001e-06              0    0.093808938   0.0061910619              
            846      122.50404    1.00001e-06              0    0.093941939   0.0060580606              
            847      122.80477    1.00001e-06              0     0.09403694   0.0059630596              
            848      123.10414    1.00001e-06              0    0.094145941   0.0058540585              
            849      123.41222    1.00001e-06              0    0.094246942   0.0057530575              
            850       123.7216    1.00001e-06              0    0.094367944   0.0056320563              
            851      124.03602    1.00001e-06              0    0.094464945   0.0055350553              
            852      124.35321    1.00001e-06              0    0.094561946   0.0054380544              
            853      124.67405    1.00001e-06              0    0.094654947   0.0053450534              
            854      125.00002    1.00001e-06              0    0.094775948   0.0052240522              
            855      125.32774    1.00001e-06              0    0.094894949   0.0051050511              
            856      125.66354    1.00001e-06              0     0.09501595   0.0049840498              
            857       126.0058    1.00001e-06              0    0.095118951   0.0048810488              
            858      126.35194    1.00001e-06              0    0.095229952   0.0047700477              
            859      126.70146    1.00001e-06              0    0.095341953   0.0046580466              
            860      127.05371    1.00001e-06              0    0.095448954   0.0045510455              
            861      127.41456    1.00001e-06              0    0.095553956   0.0044460445              
            862      127.77954    1.00001e-06              0    0.095677957   0.0043220432              
            863      128.14979    1.00001e-06              0    0.095789958   0.0042100421              
            864      128.53571    1.00001e-06              0    0.095908959   0.0040910409              
            865      128.92878    1.00001e-06              0     0.09601696   0.0039830398              
            866      129.32698    1.00001e-06              0    0.096133961   0.0038660387              
            867      129.73855    1.00001e-06              0    0.096259963   0.0037400374              
            868      130.15294    1.00001e-06              0    0.096368964   0.0036310363              
            869      130.57186    1.00001e-06              0    0.096476965   0.0035230352              
            870       131.0043    1.00001e-06              0    0.096585966   0.0034140341              
            871      131.44682    1.00001e-06              0    0.096676967   0.0033230332              
            872      131.90583    1.00001e-06              0    0.096809968   0.0031900319              
            873      132.37824    1.00001e-06              0    0.096907969   0.0030920309              
            874      132.85099    1.00001e-06              0     0.09700297     0.00299703              
            875      133.34243    1.00001e-06              0    0.097100971    0.002899029              
            876       133.8513    1.00001e-06              0    0.097205972   0.0027940279              
            877      134.37475    1.00001e-06              0    0.097320973   0.0026790268              
            878       134.9201    1.00001e-06              0    0.097440974   0.0025590256              
            879      135.48408    1.00001e-06              0    0.097559976   0.0024400244              
            880      136.06717    1.00001e-06              0    0.097662977   0.0023370234              
            881      136.67201    1.00001e-06              0    0.097782978   0.0022170222              
            882      137.30644    1.00001e-06              0    0.097909979   0.0020900209              
            883      137.97206    1.00001e-06              0     0.09801598   0.0019840198              
            884      138.66708    1.00001e-06              0    0.098141981   0.0018580186              
            885      139.40761    1.00001e-06              0    0.098260983   0.0017390174              
            886      140.18463    1.00001e-06              0    0.098369984   0.0016300163              
            887       141.0093    1.00001e-06              0    0.098490985   0.0015090151              
            888      141.89965    1.00001e-06              0    0.098593986   0.0014060141              
            889      142.84965    1.00001e-06              0    0.098726987   0.0012730127              
            890      143.87689    1.00001e-06              0    0.098850989   0.0011490115              
            891      145.02695    1.00001e-06              0     0.09895399   0.0010460105              
            892      146.26694    1.00001e-06              0    0.099057991  0.00094200942              
            893      147.64247    1.00001e-06              0    0.099176992  0.00082300823              
            894      149.20651    1.00001e-06              0    0.099281993  0.00071800718              
            895      151.02399    1.00001e-06              0    0.099393994  0.00060600606              
            896      153.23153    1.00001e-06              0    0.099527995  0.00047200472              
            897      156.04707    1.00001e-06              0    0.099628996  0.00037100371              
            898      159.82222    1.00001e-06              0    0.099748997  0.00025100251              
            899      165.86017    1.00001e-06              0    0.099866999  0.00013300133              
            900      183.87478    1.00001e-06              0       0.099974   2.600026e-05              
            901       200.0042              0    1.00001e-06       0.099994    5.00005e-06              
--------------------------------------              
              
